Initial Results Default Setup
Seqnc's	X^2			/\\/		0	1	2	3	4	5	6	7	8	9	10	11	12	13	14	15	
					E(X)+-	.	.	.	.	.	.	.	.	.	.	.	.	.	.	.	.	

1	15.00000000000000	/\\/==		0	0	1	0	0	0	0	0	0	0	0	0	0	0	0	0	
					0	0	0	+1	0	0	0	0	0	0	0	0	0	0	0	0	0	
2	14.00000000000000	\/^		0	0	1	0	1	0	0	0	0	0	0	0	0	0	0	0	
					0	0	0	+1	0	+1	0	0	0	0	0	0	0	0	0	0	0	
3	13.00000000000000	\/		0	0	1	1	1	0	0	0	0	0	0	0	0	0	0	0	
					0	0	0	+1	+1	+1	0	0	0	0	0	0	0	0	0	0	0	
4	12.00000000000000	\/		0	0	1	1	1	0	0	0	0	0	0	0	0	0	0	1	
					0	0	0	+1	+1	+1	0	0	0	0	0	0	0	0	0	0	+1	
5	11.00000000000000	\/		0	0	1	1	1	0	1	0	0	0	0	0	0	0	0	1	
					0	0	0	+1	+1	+1	0	+1	0	0	0	0	0	0	0	0	+1	
6	10.00000000000000	\/		0	0	1	1	1	0	1	0	0	0	1	0	0	0	0	1	
					0	0	0	+1	+1	+1	0	+1	0	0	0	+1	0	0	0	0	+1	
7	9.00000000000000	\/		0	0	1	1	1	0	1	0	1	0	1	0	0	0	0	1	
					0	0	0	+1	+1	+1	0	+1	0	+1	0	+1	0	0	0	0	+1	
8	12.00000000000000	v		0	0	1	1	1	0	1	0	2	0	1	0	0	0	0	1	
					0	0	0	+1	+1	+1	0	+1	0	+2	0	+1	0	0	0	0	+1	
9	17.66666666666667	/\		0	0	1	1	1	0	1	0	3	0	1	0	0	0	0	1	
					0	0	0	+1	+1	+1	0	+1	0	+3	0	+1	0	0	0	0	+1	
10	15.60000000000000	^		0	0	1	1	1	1	1	0	3	0	1	0	0	0	0	1	
					0	0	0	+1	+1	+1	+1	+1	0	+3	0	+1	0	0	0	0	+1	
11	16.63636363636363	v		0	0	1	1	1	1	1	0	3	0	2	0	0	0	0	1	
					0	0	0	+1	+1	+1	+1	+1	0	+3	0	+2	0	0	0	0	+1	
12	17.33333333333333			0	0	1	2	1	1	1	0	3	0	2	0	0	0	0	1	
					0	0	0	+1	+2	+1	+1	+1	0	+3	0	+2	0	0	0	0	+1	
13	15.30769230769231	^		1	0	1	2	1	1	1	0	3	0	2	0	0	0	0	1	
					0	+1	0	+1	+2	+1	+1	+1	0	+3	0	+2	0	0	0	0	+1	
14	20.28571428571429	/\v		1	0	1	2	1	1	1	0	4	0	2	0	0	0	0	1	
					0	+1	0	+1	+2	+1	+1	+1	0	+4	0	+2	0	0	0	0	+1	
15	18.06666666666667	^		1	0	1	2	1	1	1	0	4	0	2	0	0	1	0	1	
					0	+1	0	+1	+2	+1	+1	+1	0	+4	0	+2	0	0	+1	0	+1	
16	20.00000000000000	v		1	0	1	3	1	1	1	0	4	0	2	0	0	1	0	1	
					1	0	-1	0	+2	0	0	0	-1	+3	-1	+1	-1	-1	0	-1	0	
17	17.82352941176471	^		1	1	1	3	1	1	1	0	4	0	2	0	0	1	0	1	
					1	0	0	0	+2	0	0	0	-1	+3	-1	+1	-1	-1	0	-1	0	
18	21.11111111111111	/\v		1	1	1	4	1	1	1	0	4	0	2	0	0	1	0	1	
					1	0	0	0	+3	0	0	0	-1	+3	-1	+1	-1	-1	0	-1	0	
19	20.57894736842105	^		1	2	1	4	1	1	1	0	4	0	2	0	0	1	0	1	
					1	0	+1	0	+3	0	0	0	-1	+3	-1	+1	-1	-1	0	-1	0	
20	18.40000000000000			1	2	1	4	1	1	1	0	4	1	2	0	0	1	0	1	
					1	0	+1	0	+3	0	0	0	-1	+3	0	+1	-1	-1	0	-1	0	
21	22.42857142857143	/\v		1	2	1	4	1	1	1	0	5	1	2	0	0	1	0	1	
					1	0	+1	0	+3	0	0	0	-1	+4	0	+1	-1	-1	0	-1	0	
22	23.09090909090909	/\		1	2	1	4	1	1	1	0	5	1	3	0	0	1	0	1	
					1	0	+1	0	+3	0	0	0	-1	+4	0	+2	-1	-1	0	-1	0	
23	22.21739130434783	^		1	2	2	4	1	1	1	0	5	1	3	0	0	1	0	1	
					1	0	+1	+1	+3	0	0	0	-1	+4	0	+2	-1	-1	0	-1	0	
24	20.00000000000000			1	2	2	4	1	1	1	0	5	1	3	0	0	1	1	1	
					1	0	+1	+1	+3	0	0	0	-1	+4	0	+2	-1	-1	0	0	0	
25	19.16000000000000			2	2	2	4	1	1	1	0	5	1	3	0	0	1	1	1	
					1	+1	+1	+1	+3	0	0	0	-1	+4	0	+2	-1	-1	0	0	0	
26	22.00000000000001	v		2	2	2	5	1	1	1	0	5	1	3	0	0	1	1	1	
					1	+1	+1	+1	+4	0	0	0	-1	+4	0	+2	-1	-1	0	0	0	
27	19.81481481481481	^		2	2	2	5	1	1	1	1	5	1	3	0	0	1	1	1	
					1	+1	+1	+1	+4	0	0	0	0	+4	0	+2	-1	-1	0	0	0	
28	20.00000000000000	v		3	2	2	5	1	1	1	1	5	1	3	0	0	1	1	1	
					1	+2	+1	+1	+4	0	0	0	0	+4	0	+2	-1	-1	0	0	0	
29	19.00000000000000	^		3	2	2	5	1	1	1	2	5	1	3	0	0	1	1	1	
					1	+2	+1	+1	+4	0	0	0	+1	+4	0	+2	-1	-1	0	0	0	
30	22.26666666666667	v		3	2	2	6	1	1	1	2	5	1	3	0	0	1	1	1	
					1	+2	+1	+1	+5	0	0	0	+1	+4	0	+2	-1	-1	0	0	0	
31	21.12903225806451	^		3	2	2	6	2	1	1	2	5	1	3	0	0	1	1	1	
					1	+2	+1	+1	+5	+1	0	0	+1	+4	0	+2	-1	-1	0	0	0	
32	21.00000000000000			3	2	2	6	3	1	1	2	5	1	3	0	0	1	1	1	
					2	+1	0	0	+4	+1	-1	-1	0	+3	-1	+1	-2	-2	-1	-1	-1	
33	21.78787878787879	v		3	2	2	6	3	1	1	2	5	1	4	0	0	1	1	1	
					2	+1	0	0	+4	+1	-1	-1	0	+3	-1	+2	-2	-2	-1	-1	-1	
34	22.47058823529411			3	2	2	6	4	1	1	2	5	1	4	0	0	1	1	1	
					2	+1	0	0	+4	+2	-1	-1	0	+3	-1	+2	-2	-2	-1	-1	-1	
35	23.05714285714285			4	2	2	6	4	1	1	2	5	1	4	0	0	1	1	1	
					2	+2	0	0	+4	+2	-1	-1	0	+3	-1	+2	-2	-2	-1	-1	-1	
36	21.77777777777777	^		4	2	2	6	4	1	1	2	5	2	4	0	0	1	1	1	
					2	+2	0	0	+4	+2	-1	-1	0	+3	0	+2	-2	-2	-1	-1	-1	
37	24.83783783783784	/\v		4	2	2	7	4	1	1	2	5	2	4	0	0	1	1	1	
					2	+2	0	0	+5	+2	-1	-1	0	+3	0	+2	-2	-2	-1	-1	-1	
38	26.84210526315790	/\		4	2	2	7	4	1	1	2	6	2	4	0	0	1	1	1	
					2	+2	0	0	+5	+2	-1	-1	0	+4	0	+2	-2	-2	-1	-1	-1	
39	26.23076923076923	^		4	2	3	7	4	1	1	2	6	2	4	0	0	1	1	1	
					2	+2	0	+1	+5	+2	-1	-1	0	+4	0	+2	-2	-2	-1	-1	-1	
40	26.40000000000000	v		4	2	4	7	4	1	1	2	6	2	4	0	0	1	1	1	
					2	+2	0	+2	+5	+2	-1	-1	0	+4	0	+2	-2	-2	-1	-1	-1	
41	27.29268292682927	/\		4	2	5	7	4	1	1	2	6	2	4	0	0	1	1	1	
					2	+2	0	+3	+5	+2	-1	-1	0	+4	0	+2	-2	-2	-1	-1	-1	
42	26.57142857142857	^		4	2	5	7	4	1	1	2	6	3	4	0	0	1	1	1	
					2	+2	0	+3	+5	+2	-1	-1	0	+4	+1	+2	-2	-2	-1	-1	-1	
43	26.58139534883721	v		4	2	5	7	4	1	1	2	6	4	4	0	0	1	1	1	
					2	+2	0	+3	+5	+2	-1	-1	0	+4	+2	+2	-2	-2	-1	-1	-1	
44	25.09090909090909	^		4	2	5	7	4	1	1	2	6	4	4	0	0	1	1	2	
					2	+2	0	+3	+5	+2	-1	-1	0	+4	+2	+2	-2	-2	-1	-1	0	
45	27.88888888888889	/\v		4	2	5	8	4	1	1	2	6	4	4	0	0	1	1	2	
					2	+2	0	+3	+6	+2	-1	-1	0	+4	+2	+2	-2	-2	-1	-1	0	
46	27.04347826086957	^		4	3	5	8	4	1	1	2	6	4	4	0	0	1	1	2	
					2	+2	+1	+3	+6	+2	-1	-1	0	+4	+2	+2	-2	-2	-1	-1	0	
47	25.51063829787234			4	3	5	8	4	1	1	2	6	4	4	0	0	2	1	2	
					2	+2	+1	+3	+6	+2	-1	-1	0	+4	+2	+2	-2	-2	0	-1	0	
48	26.00000000000000	v		5	3	5	8	4	1	1	2	6	4	4	0	0	2	1	2	
					3	+2	0	+2	+5	+1	-2	-2	-1	+3	+1	+1	-3	-3	-1	-2	-1	
49	27.08163265306123			6	3	5	8	4	1	1	2	6	4	4	0	0	2	1	2	
					3	+3	0	+2	+5	+1	-2	-2	-1	+3	+1	+1	-3	-3	-1	-2	-1	
50	28.72000000000001	/\		6	3	5	8	4	1	1	2	7	4	4	0	0	2	1	2	
					3	+3	0	+2	+5	+1	-2	-2	-1	+4	+1	+1	-3	-3	-1	-2	-1	
51	29.62745098039215	/\		6	3	6	8	4	1	1	2	7	4	4	0	0	2	1	2	
					3	+3	0	+3	+5	+1	-2	-2	-1	+4	+1	+1	-3	-3	-1	-2	-1	
52	28.00000000000000	^		6	3	6	8	4	1	1	2	7	4	4	0	0	2	2	2	
					3	+3	0	+3	+5	+1	-2	-2	-1	+4	+1	+1	-3	-3	-1	-1	-1	
53	27.00000000000000			6	3	6	8	4	1	1	2	7	4	4	0	0	2	2	3	
					3	+3	0	+3	+5	+1	-2	-2	-1	+4	+1	+1	-3	-3	-1	-1	0	
54	27.18518518518519	v		6	3	6	8	4	1	1	2	7	4	5	0	0	2	2	3	
					3	+3	0	+3	+5	+1	-2	-2	-1	+4	+1	+2	-3	-3	-1	-1	0	
55	27.32727272727273			6	3	6	8	4	1	1	2	7	5	5	0	0	2	2	3	
					3	+3	0	+3	+5	+1	-2	-2	-1	+4	+2	+2	-3	-3	-1	-1	0	
56	29.14285714285714			6	3	6	8	4	1	1	2	8	5	5	0	0	2	2	3	
					3	+3	0	+3	+5	+1	-2	-2	-1	+5	+2	+2	-3	-3	-1	-1	0	
57	28.05263157894737	^		6	3	6	8	4	1	1	2	8	5	5	0	0	2	3	3	
					3	+3	0	+3	+5	+1	-2	-2	-1	+5	+2	+2	-3	-3	-1	0	0	
58	25.86206896551724			6	3	6	8	4	1	1	2	8	5	5	0	1	2	3	3	
					3	+3	0	+3	+5	+1	-2	-2	-1	+5	+2	+2	-3	-2	-1	0	0	
59	25.88135593220339	v		6	3	6	8	5	1	1	2	8	5	5	0	1	2	3	3	
					3	+3	0	+3	+5	+2	-2	-2	-1	+5	+2	+2	-3	-2	-1	0	0	
60	25.33333333333333	^		6	3	6	8	5	1	1	2	8	5	5	0	1	2	4	3	
					3	+3	0	+3	+5	+2	-2	-2	-1	+5	+2	+2	-3	-2	-1	+1	0	
61	23.72131147540984			6	3	6	8	5	1	2	2	8	5	5	0	1	2	4	3	
					3	+3	0	+3	+5	+2	-2	-1	-1	+5	+2	+2	-3	-2	-1	+1	0	
62	22.12903225806451			6	3	6	8	5	1	2	2	8	5	5	0	2	2	4	3	
					3	+3	0	+3	+5	+2	-2	-1	-1	+5	+2	+2	-3	-1	-1	+1	0	
63	24.11111111111111	v		6	3	6	8	5	1	2	2	9	5	5	0	2	2	4	3	
					3	+3	0	+3	+5	+2	-2	-1	-1	+6	+2	+2	-3	-1	-1	+1	0	
64	24.50000000000000			6	3	6	8	5	1	2	2	9	6	5	0	2	2	4	3	
					4	+2	-1	+2	+4	+1	-3	-2	-2	+5	+2	+1	-4	-2	-2	0	-1	
65	24.84615384615385			6	3	6	8	6	1	2	2	9	6	5	0	2	2	4	3	
					4	+2	-1	+2	+4	+2	-3	-2	-2	+5	+2	+1	-4	-2	-2	0	-1	
66	23.21212121212121	^		6	3	6	8	6	2	2	2	9	6	5	0	2	2	4	3	
					4	+2	-1	+2	+4	+2	-2	-2	-2	+5	+2	+1	-4	-2	-2	0	-1	
67	23.98507462686567	v		6	3	7	8	6	2	2	2	9	6	5	0	2	2	4	3	
					4	+2	-1	+3	+4	+2	-2	-2	-2	+5	+2	+1	-4	-2	-2	0	-1	
68	26.11764705882353			6	3	7	8	6	2	2	2	10	6	5	0	2	2	4	3	
					4	+2	-1	+3	+4	+2	-2	-2	-2	+6	+2	+1	-4	-2	-2	0	-1	
69	27.23188405797102			6	3	8	8	6	2	2	2	10	6	5	0	2	2	4	3	
					4	+2	-1	+4	+4	+2	-2	-2	-2	+6	+2	+1	-4	-2	-2	0	-1	
70	26.45714285714286	^		6	4	8	8	6	2	2	2	10	6	5	0	2	2	4	3	
					4	+2	0	+4	+4	+2	-2	-2	-2	+6	+2	+1	-4	-2	-2	0	-1	
71	26.12676056338028			6	4	8	8	6	2	2	2	10	6	5	0	2	2	5	3	
					4	+2	0	+4	+4	+2	-2	-2	-2	+6	+2	+1	-4	-2	-2	+1	-1	
72	24.88888888888889			6	4	8	8	6	2	3	2	10	6	5	0	2	2	5	3	
					4	+2	0	+4	+4	+2	-2	-1	-2	+6	+2	+1	-4	-2	-2	+1	-1	
73	26.28767123287671	v		6	4	8	9	6	2	3	2	10	6	5	0	2	2	5	3	
					4	+2	0	+4	+5	+2	-2	-1	-2	+6	+2	+1	-4	-2	-2	+1	-1	
74	28.48648648648648			6	4	8	9	6	2	3	2	11	6	5	0	2	2	5	3	
					4	+2	0	+4	+5	+2	-2	-1	-2	+7	+2	+1	-4	-2	-2	+1	-1	
75	27.18666666666666	^		6	4	8	9	6	2	3	2	11	6	5	0	2	3	5	3	
					4	+2	0	+4	+5	+2	-2	-1	-2	+7	+2	+1	-4	-2	-1	+1	-1	
76	27.57894736842105	v		7	4	8	9	6	2	3	2	11	6	5	0	2	3	5	3	
					4	+3	0	+4	+5	+2	-2	-1	-2	+7	+2	+1	-4	-2	-1	+1	-1	
77	27.10389610389610	^		7	5	8	9	6	2	3	2	11	6	5	0	2	3	5	3	
					4	+3	+1	+4	+5	+2	-2	-1	-2	+7	+2	+1	-4	-2	-1	+1	-1	
78	28.66666666666667	v		7	5	8	10	6	2	3	2	11	6	5	0	2	3	5	3	
					4	+3	+1	+4	+6	+2	-2	-1	-2	+7	+2	+1	-4	-2	-1	+1	-1	
79	27.32911392405063	^		7	5	8	10	6	2	3	3	11	6	5	0	2	3	5	3	
					4	+3	+1	+4	+6	+2	-2	-1	-1	+7	+2	+1	-4	-2	-1	+1	-1	
80	26.40000000000000			7	5	8	10	6	2	3	4	11	6	5	0	2	3	5	3	
					5	+2	0	+3	+5	+1	-3	-2	-1	+6	+1	0	-5	-3	-2	0	-2	
81	24.28395061728395			7	5	8	10	6	2	3	4	11	6	5	1	2	3	5	3	
					5	+2	0	+3	+5	+1	-3	-2	-1	+6	+1	0	-4	-3	-2	0	-2	
82	24.14634146341464			7	5	8	10	6	2	3	4	11	6	5	1	2	3	6	3	
					5	+2	0	+3	+5	+1	-3	-2	-1	+6	+1	0	-4	-3	-2	+1	-2	
83	22.83132530120482			7	5	8	10	6	3	3	4	11	6	5	1	2	3	6	3	
					5	+2	0	+3	+5	+1	-2	-2	-1	+6	+1	0	-4	-3	-2	+1	-2	
84	23.04761904761905	v		7	5	8	10	7	3	3	4	11	6	5	1	2	3	6	3	
					5	+2	0	+3	+5	+2	-2	-2	-1	+6	+1	0	-4	-3	-2	+1	-2	
85	22.10588235294118	^		7	5	8	10	7	3	4	4	11	6	5	1	2	3	6	3	
					5	+2	0	+3	+5	+2	-2	-1	-1	+6	+1	0	-4	-3	-2	+1	-2	
86	21.53488372093024			7	5	8	10	7	3	5	4	11	6	5	1	2	3	6	3	
					5	+2	0	+3	+5	+2	-2	0	-1	+6	+1	0	-4	-3	-2	+1	-2	
87	20.21839080459770			7	5	8	10	7	3	5	4	11	6	5	1	3	3	6	3	
					5	+2	0	+3	+5	+2	-2	0	-1	+6	+1	0	-4	-2	-2	+1	-2	
88	19.27272727272728			7	5	8	10	7	3	5	4	11	6	5	1	3	3	6	4	
					5	+2	0	+3	+5	+2	-2	0	-1	+6	+1	0	-4	-2	-2	+1	-1	
89	20.84269662921348	v		7	5	8	11	7	3	5	4	11	6	5	1	3	3	6	4	
					5	+2	0	+3	+6	+2	-2	0	-1	+6	+1	0	-4	-2	-2	+1	-1	
90	21.28888888888889			7	5	8	11	8	3	5	4	11	6	5	1	3	3	6	4	
					5	+2	0	+3	+6	+3	-2	0	-1	+6	+1	0	-4	-2	-2	+1	-1	
91	21.35164835164836			7	5	8	11	8	3	5	4	11	6	5	1	3	3	7	4	
					5	+2	0	+3	+6	+3	-2	0	-1	+6	+1	0	-4	-2	-2	+2	-1	
92	21.39130434782609			7	5	8	11	8	3	5	4	11	7	5	1	3	3	7	4	
					5	+2	0	+3	+6	+3	-2	0	-1	+6	+2	0	-4	-2	-2	+2	-1	
93	21.75268817204301			8	5	8	11	8	3	5	4	11	7	5	1	3	3	7	4	
					5	+3	0	+3	+6	+3	-2	0	-1	+6	+2	0	-4	-2	-2	+2	-1	
94	20.72340425531915	^		8	5	8	11	8	3	5	4	11	7	5	1	4	3	7	4	
					5	+3	0	+3	+6	+3	-2	0	-1	+6	+2	0	-4	-1	-2	+2	-1	
95	20.36842105263158			8	5	8	11	8	3	6	4	11	7	5	1	4	3	7	4	
					5	+3	0	+3	+6	+3	-2	+1	-1	+6	+2	0	-4	-1	-2	+2	-1	
96	19.66666666666667			8	5	8	11	8	3	6	4	11	7	5	1	5	3	7	4	
					6	+2	-1	+2	+5	+2	-3	0	-2	+5	+1	-1	-5	-1	-3	+1	-2	
97	19.28865979381444			8	5	8	11	8	3	6	4	11	7	5	1	6	3	7	4	
					6	+2	-1	+2	+5	+2	-3	0	-2	+5	+1	-1	-5	0	-3	+1	-2	
98	19.87755102040816	v		9	5	8	11	8	3	6	4	11	7	5	1	6	3	7	4	
					6	+3	-1	+2	+5	+2	-3	0	-2	+5	+1	-1	-5	0	-3	+1	-2	
99	19.46464646464646	^		9	5	8	11	8	3	6	4	11	7	6	1	6	3	7	4	
					6	+3	-1	+2	+5	+2	-3	0	-2	+5	+1	0	-5	0	-3	+1	-2	
100	19.36000000000000			9	5	8	11	8	3	6	4	11	7	6	1	7	3	7	4	
					6	+3	-1	+2	+5	+2	-3	0	-2	+5	+1	0	-5	+1	-3	+1	-2	
101	19.87128712871287	v		9	5	9	11	8	3	6	4	11	7	6	1	7	3	7	4	
					6	+3	-1	+3	+5	+2	-3	0	-2	+5	+1	0	-5	+1	-3	+1	-2	
102	20.03921568627451			9	5	9	11	8	3	6	4	11	8	6	1	7	3	7	4	
					6	+3	-1	+3	+5	+2	-3	0	-2	+5	+2	0	-5	+1	-3	+1	-2	
103	18.32038834951456	^		9	5	9	11	8	3	6	4	11	8	6	2	7	3	7	4	
					6	+3	-1	+3	+5	+2	-3	0	-2	+5	+2	0	-4	+1	-3	+1	-2	
104	17.53846153846154			9	5	9	11	8	3	6	5	11	8	6	2	7	3	7	4	
					6	+3	-1	+3	+5	+2	-3	0	-1	+5	+2	0	-4	+1	-3	+1	-2	
105	17.66666666666666	v		9	5	9	11	8	3	6	5	11	8	6	2	8	3	7	4	
					6	+3	-1	+3	+5	+2	-3	0	-1	+5	+2	0	-4	+2	-3	+1	-2	
106	18.07547169811321			9	5	9	11	8	3	6	5	11	9	6	2	8	3	7	4	
					6	+3	-1	+3	+5	+2	-3	0	-1	+5	+3	0	-4	+2	-3	+1	-2	
107	17.56074766355140	^		9	5	9	11	8	3	6	6	11	9	6	2	8	3	7	4	
					6	+3	-1	+3	+5	+2	-3	0	0	+5	+3	0	-4	+2	-3	+1	-2	
108	17.92592592592592	v		9	5	9	11	8	3	6	6	11	9	6	2	9	3	7	4	
					6	+3	-1	+3	+5	+2	-3	0	0	+5	+3	0	-4	+3	-3	+1	-2	
109	16.79816513761468	^		9	5	9	11	8	4	6	6	11	9	6	2	9	3	7	4	
					6	+3	-1	+3	+5	+2	-2	0	0	+5	+3	0	-4	+3	-3	+1	-2	
110	17.41818181818182	v		10	5	9	11	8	4	6	6	11	9	6	2	9	3	7	4	
					6	+4	-1	+3	+5	+2	-2	0	0	+5	+3	0	-4	+3	-3	+1	-2	
111	16.27927927927928	^		10	5	9	11	8	4	6	6	11	9	6	2	9	4	7	4	
					6	+4	-1	+3	+5	+2	-2	0	0	+5	+3	0	-4	+3	-2	+1	-2	
112	15.42857142857143			10	5	9	11	8	4	6	6	11	9	6	2	9	5	7	4	
					7	+3	-2	+2	+4	+1	-3	-1	-1	+4	+2	-1	-5	+2	-2	0	-3	
113	16.55752212389380	v		10	5	9	12	8	4	6	6	11	9	6	2	9	5	7	4	
					7	+3	-2	+2	+5	+1	-3	-1	-1	+4	+2	-1	-5	+2	-2	0	-3	
114	15.68421052631579	^		10	5	9	12	8	4	6	6	11	9	6	2	9	5	7	5	
					7	+3	-2	+2	+5	+1	-3	-1	-1	+4	+2	-1	-5	+2	-2	0	-2	
115	16.75652173913044	v		10	5	9	12	8	4	6	6	12	9	6	2	9	5	7	5	
					7	+3	-2	+2	+5	+1	-3	-1	-1	+5	+2	-1	-5	+2	-2	0	-2	
116	16.96551724137931			10	5	9	12	9	4	6	6	12	9	6	2	9	5	7	5	
					7	+3	-2	+2	+5	+2	-3	-1	-1	+5	+2	-1	-5	+2	-2	0	-2	
117	16.33333333333333	^		10	5	9	12	9	4	6	6	12	9	6	2	9	6	7	5	
					7	+3	-2	+2	+5	+2	-3	-1	-1	+5	+2	-1	-5	+2	-1	0	-2	
118	15.42372881355932			10	5	9	12	9	5	6	6	12	9	6	2	9	6	7	5	
					7	+3	-2	+2	+5	+2	-2	-1	-1	+5	+2	-1	-5	+2	-1	0	-2	
119	13.97478991596639			10	5	9	12	9	5	6	6	12	9	6	3	9	6	7	5	
					7	+3	-2	+2	+5	+2	-2	-1	-1	+5	+2	-1	-4	+2	-1	0	-2	
120	13.33333333333334			10	5	9	12	9	6	6	6	12	9	6	3	9	6	7	5	
					7	+3	-2	+2	+5	+2	-1	-1	-1	+5	+2	-1	-4	+2	-1	0	-2	
121	12.15702479338843			10	5	9	12	9	6	6	6	12	9	6	4	9	6	7	5	
					7	+3	-2	+2	+5	+2	-1	-1	-1	+5	+2	-1	-3	+2	-1	0	-2	
122	11.77049180327869			10	5	9	12	9	7	6	6	12	9	6	4	9	6	7	5	
					7	+3	-2	+2	+5	+2	0	-1	-1	+5	+2	-1	-3	+2	-1	0	-2	
123	12.15447154471545	v		10	5	9	12	10	7	6	6	12	9	6	4	9	6	7	5	
					7	+3	-2	+2	+5	+3	0	-1	-1	+5	+2	-1	-3	+2	-1	0	-2	
124	11.74193548387097	^		10	5	9	12	10	7	6	7	12	9	6	4	9	6	7	5	
					7	+3	-2	+2	+5	+3	0	-1	0	+5	+2	-1	-3	+2	-1	0	-2	
125	12.34400000000000	v		11	5	9	12	10	7	6	7	12	9	6	4	9	6	7	5	
					7	+4	-2	+2	+5	+3	0	-1	0	+5	+2	-1	-3	+2	-1	0	-2	
126	12.66666666666666			11	5	9	12	10	7	6	7	12	10	6	4	9	6	7	5	
					7	+4	-2	+2	+5	+3	0	-1	0	+5	+3	-1	-3	+2	-1	0	-2	
127	11.96062992125984	^		11	6	9	12	10	7	6	7	12	10	6	4	9	6	7	5	
					7	+4	-1	+2	+5	+3	0	-1	0	+5	+3	-1	-3	+2	-1	0	-2	
128	11.75000000000000			11	6	9	12	10	7	6	8	12	10	6	4	9	6	7	5	
					8	+3	-2	+1	+4	+2	-1	-2	0	+4	+2	-2	-4	+1	-2	-1	-3	
129	12.27131782945736	v		11	6	9	12	10	7	6	8	12	11	6	4	9	6	7	5	
					8	+3	-2	+1	+4	+2	-1	-2	0	+4	+3	-2	-4	+1	-2	-1	-3	
130	12.52307692307692			11	6	10	12	10	7	6	8	12	11	6	4	9	6	7	5	
					8	+3	-2	+2	+4	+2	-1	-2	0	+4	+3	-2	-4	+1	-2	-1	-3	
131	12.02290076335878	^		11	7	10	12	10	7	6	8	12	11	6	4	9	6	7	5	
					8	+3	-1	+2	+4	+2	-1	-2	0	+4	+3	-2	-4	+1	-2	-1	-3	
132	11.51515151515152			11	7	10	12	10	7	7	8	12	11	6	4	9	6	7	5	
					8	+3	-1	+2	+4	+2	-1	-1	0	+4	+3	-2	-4	+1	-2	-1	-3	
133	11.00000000000000			11	7	10	12	10	7	7	8	12	11	6	4	9	7	7	5	
					8	+3	-1	+2	+4	+2	-1	-1	0	+4	+3	-2	-4	+1	-1	-1	-3	
134	10.71641791044776			11	7	10	12	10	8	7	8	12	11	6	4	9	7	7	5	
					8	+3	-1	+2	+4	+2	0	-1	0	+4	+3	-2	-4	+1	-1	-1	-3	
135	10.42222222222222			11	7	10	12	10	8	7	8	12	11	6	4	9	8	7	5	
					8	+3	-1	+2	+4	+2	0	-1	0	+4	+3	-2	-4	+1	0	-1	-3	
136	11.05882352941177	v		11	7	10	12	10	8	7	8	12	12	6	4	9	8	7	5	
					8	+3	-1	+2	+4	+2	0	-1	0	+4	+4	-2	-4	+1	0	-1	-3	
137	11.90510948905110			11	7	10	12	10	8	7	8	13	12	6	4	9	8	7	5	
					8	+3	-1	+2	+4	+2	0	-1	0	+5	+4	-2	-4	+1	0	-1	-3	
138	12.72463768115942			11	7	10	12	10	8	7	8	13	13	6	4	9	8	7	5	
					8	+3	-1	+2	+4	+2	0	-1	0	+5	+5	-2	-4	+1	0	-1	-3	
139	12.59712230215827	^		11	7	10	12	10	8	7	9	13	13	6	4	9	8	7	5	
					8	+3	-1	+2	+4	+2	0	-1	+1	+5	+5	-2	-4	+1	0	-1	-3	
140	13.60000000000000	v		11	7	10	12	10	8	7	9	13	14	6	4	9	8	7	5	
					8	+3	-1	+2	+4	+2	0	-1	+1	+5	+6	-2	-4	+1	0	-1	-3	
141	12.75886524822695	^		11	7	10	12	10	8	7	9	13	14	6	4	9	8	7	6	
					8	+3	-1	+2	+4	+2	0	-1	+1	+5	+6	-2	-4	+1	0	-1	-2	
142	11.69014084507042			11	7	10	12	10	8	7	9	13	14	6	5	9	8	7	6	
					8	+3	-1	+2	+4	+2	0	-1	+1	+5	+6	-2	-3	+1	0	-1	-2	
143	11.29370629370630			11	8	10	12	10	8	7	9	13	14	6	5	9	8	7	6	
					8	+3	0	+2	+4	+2	0	-1	+1	+5	+6	-2	-3	+1	0	-1	-2	
144	10.44444444444444			11	8	10	12	10	8	7	9	13	14	6	6	9	8	7	6	
					9	+2	-1	+1	+3	+1	-1	-2	0	+4	+5	-3	-3	0	-1	-2	-3	
145	10.25517241379310			11	8	10	12	10	8	7	9	13	14	6	6	9	9	7	6	
					9	+2	-1	+1	+3	+1	-1	-2	0	+4	+5	-3	-3	0	0	-2	-3	
146	10.05479452054795			11	9	10	12	10	8	7	9	13	14	6	6	9	9	7	6	
					9	+2	0	+1	+3	+1	-1	-2	0	+4	+5	-3	-3	0	0	-2	-3	
147	10.71428571428572	v		11	9	10	13	10	8	7	9	13	14	6	6	9	9	7	6	
					9	+2	0	+1	+4	+1	-1	-2	0	+4	+5	-3	-3	0	0	-2	-3	
148	10.70270270270270	^		11	10	10	13	10	8	7	9	13	14	6	6	9	9	7	6	
					9	+2	+1	+1	+4	+1	-1	-2	0	+4	+5	-3	-3	0	0	-2	-3	
149	11.10738255033557	v		12	10	10	13	10	8	7	9	13	14	6	6	9	9	7	6	
					9	+3	+1	+1	+4	+1	-1	-2	0	+4	+5	-3	-3	0	0	-2	-3	
150	10.42666666666667	^		12	10	10	13	10	8	7	9	13	14	6	7	9	9	7	6	
					9	+3	+1	+1	+4	+1	-1	-2	0	+4	+5	-3	-2	0	0	-2	-3	
151	9.74172185430464			12	10	10	13	10	8	7	9	13	14	7	7	9	9	7	6	
					9	+3	+1	+1	+4	+1	-1	-2	0	+4	+5	-2	-2	0	0	-2	-3	
152	9.26315789473684			12	10	10	13	10	8	8	9	13	14	7	7	9	9	7	6	
					9	+3	+1	+1	+4	+1	-1	-1	0	+4	+5	-2	-2	0	0	-2	-3	
153	10.24183006535948	v		12	10	10	13	10	8	8	9	13	15	7	7	9	9	7	6	
					9	+3	+1	+1	+4	+1	-1	-1	0	+4	+6	-2	-2	0	0	-2	-3	
154	10.98701298701299			12	10	10	13	10	8	8	9	14	15	7	7	9	9	7	6	
					9	+3	+1	+1	+4	+1	-1	-1	0	+5	+6	-2	-2	0	0	-2	-3	
155	10.88387096774194	^		12	10	10	13	10	8	8	9	14	15	7	7	9	10	7	6	
					9	+3	+1	+1	+4	+1	-1	-1	0	+5	+6	-2	-2	0	+1	-2	-3	
156	10.15384615384616			12	10	10	13	10	8	8	9	14	15	7	7	9	10	7	7	
					9	+3	+1	+1	+4	+1	-1	-1	0	+5	+6	-2	-2	0	+1	-2	-2	
157	9.62420382165605			12	10	10	13	10	8	8	9	14	15	7	8	9	10	7	7	
					9	+3	+1	+1	+4	+1	-1	-1	0	+5	+6	-2	-1	0	+1	-2	-2	
158	9.29113924050633			12	10	10	13	10	9	8	9	14	15	7	8	9	10	7	7	
					9	+3	+1	+1	+4	+1	0	-1	0	+5	+6	-2	-1	0	+1	-2	-2	
159	8.74842767295598	\/		12	10	10	13	10	9	8	9	14	15	8	8	9	10	7	7	
					9	+3	+1	+1	+4	+1	0	-1	0	+5	+6	-1	-1	0	+1	-2	-2	
160	8.60000000000000	\/		12	10	10	13	10	9	8	9	14	15	8	8	10	10	7	7	
					10	+2	0	0	+3	0	-1	-2	-1	+4	+5	-2	-2	0	0	-3	-3	
161	8.63975155279503	v		12	10	11	13	10	9	8	9	14	15	8	8	10	10	7	7	
					10	+2	0	+1	+3	0	-1	-2	-1	+4	+5	-2	-2	0	0	-3	-3	
162	8.07407407407407	\/^		12	10	11	13	10	9	8	9	14	15	8	8	10	10	7	8	
					10	+2	0	+1	+3	0	-1	-2	-1	+4	+5	-2	-2	0	0	-3	-2	
163	7.69938650306749	\/		12	10	11	13	10	9	8	9	14	15	8	8	10	10	7	9	
					10	+2	0	+1	+3	0	-1	-2	-1	+4	+5	-2	-2	0	0	-3	-1	
164	7.70731707317073	v		12	10	11	13	10	9	8	9	14	15	8	8	10	11	7	9	
					10	+2	0	+1	+3	0	-1	-2	-1	+4	+5	-2	-2	0	+1	-3	-1	
165	7.50909090909091	\/^		12	10	11	13	10	9	8	10	14	15	8	8	10	11	7	9	
					10	+2	0	+1	+3	0	-1	-2	0	+4	+5	-2	-2	0	+1	-3	-1	
166	7.68674698795181	v		12	10	12	13	10	9	8	10	14	15	8	8	10	11	7	9	
					10	+2	0	+2	+3	0	-1	-2	0	+4	+5	-2	-2	0	+1	-3	-1	
167	7.85029940119761			12	10	12	13	10	9	8	10	14	15	8	8	10	12	7	9	
					10	+2	0	+2	+3	0	-1	-2	0	+4	+5	-2	-2	0	+2	-3	-1	
168	7.42857142857143	\/^		12	10	12	13	10	9	8	10	14	15	8	9	10	12	7	9	
					10	+2	0	+2	+3	0	-1	-2	0	+4	+5	-2	-1	0	+2	-3	-1	
169	7.75739644970414	v		12	10	12	13	10	9	8	10	14	15	8	9	10	13	7	9	
					10	+2	0	+2	+3	0	-1	-2	0	+4	+5	-2	-1	0	+3	-3	-1	
170	8.07058823529412			13	10	12	13	10	9	8	10	14	15	8	9	10	13	7	9	
					10	+3	0	+2	+3	0	-1	-2	0	+4	+5	-2	-1	0	+3	-3	-1	
171	7.99415204678363	^		13	11	12	13	10	9	8	10	14	15	8	9	10	13	7	9	
					10	+3	+1	+2	+3	0	-1	-2	0	+4	+5	-2	-1	0	+3	-3	-1	
172	7.53488372093023			13	11	12	13	10	9	8	10	14	15	9	9	10	13	7	9	
					10	+3	+1	+2	+3	0	-1	-2	0	+4	+5	-1	-1	0	+3	-3	-1	
173	7.99421965317919	v		13	11	12	13	10	9	8	10	14	15	9	9	10	14	7	9	
					10	+3	+1	+2	+3	0	-1	-2	0	+4	+5	-1	-1	0	+4	-3	-1	
174	7.70114942528736	^		13	11	12	13	10	9	8	10	14	15	9	9	10	14	7	10	
					10	+3	+1	+2	+3	0	-1	-2	0	+4	+5	-1	-1	0	+4	-3	0	
175	7.40000000000000	\/		13	11	12	13	10	9	8	10	14	15	9	10	10	14	7	10	
					10	+3	+1	+2	+3	0	-1	-2	0	+4	+5	-1	0	0	+4	-3	0	
176	7.27272727272727	\/		13	11	12	13	10	9	8	11	14	15	9	10	10	14	7	10	
					11	+2	0	+1	+2	-1	-2	-3	0	+3	+4	-2	-1	-1	+3	-4	-1	
177	7.13559322033898	\/		13	11	12	13	10	9	8	11	14	15	9	11	10	14	7	10	
					11	+2	0	+1	+2	-1	-2	-3	0	+3	+4	-2	0	-1	+3	-4	-1	
178	7.70786516853933	v		13	11	12	13	10	9	8	11	15	15	9	11	10	14	7	10	
					11	+2	0	+1	+2	-1	-2	-3	0	+4	+4	-2	0	-1	+3	-4	-1	
179	7.01117318435754	\/^		13	11	12	13	10	9	8	11	15	15	9	11	10	14	8	10	
					11	+2	0	+1	+2	-1	-2	-3	0	+4	+4	-2	0	-1	+3	-3	-1	
180	7.02222222222222	v		13	12	12	13	10	9	8	11	15	15	9	11	10	14	8	10	
					11	+2	+1	+1	+2	-1	-2	-3	0	+4	+4	-2	0	-1	+3	-3	-1	
181	6.66850828729282	\/^		13	12	12	13	10	9	8	11	15	15	10	11	10	14	8	10	
					11	+2	+1	+1	+2	-1	-2	-3	0	+4	+4	-1	0	-1	+3	-3	-1	
182	6.48351648351648	\/		13	12	12	13	10	9	8	11	15	15	10	11	10	14	8	11	
					11	+2	+1	+1	+2	-1	-2	-3	0	+4	+4	-1	0	-1	+3	-3	0	
183	5.93989071038251	\/		13	12	12	13	10	9	8	11	15	15	10	11	10	14	9	11	
					11	+2	+1	+1	+2	-1	-2	-3	0	+4	+4	-1	0	-1	+3	-2	0	
184	6.43478260869565	v		13	12	12	13	10	9	8	11	15	15	10	11	10	15	9	11	
					11	+2	+1	+1	+2	-1	-2	-3	0	+4	+4	-1	0	-1	+4	-2	0	
185	5.87567567567567	\/^		13	12	12	13	10	9	9	11	15	15	10	11	10	15	9	11	
					11	+2	+1	+1	+2	-1	-2	-2	0	+4	+4	-1	0	-1	+4	-2	0	
186	5.65591397849462	\/		13	12	12	13	10	9	9	11	15	15	11	11	10	15	9	11	
					11	+2	+1	+1	+2	-1	-2	-2	0	+4	+4	0	0	-1	+4	-2	0	
187	5.77005347593583	v		13	12	13	13	10	9	9	11	15	15	11	11	10	15	9	11	
					11	+2	+1	+2	+2	-1	-2	-2	0	+4	+4	0	0	-1	+4	-2	0	
188	5.36170212765957	\/^		13	12	13	13	10	9	10	11	15	15	11	11	10	15	9	11	
					11	+2	+1	+2	+2	-1	-2	-1	0	+4	+4	0	0	-1	+4	-2	0	
189	5.28571428571429	\/		13	12	13	13	10	9	10	12	15	15	11	11	10	15	9	11	
					11	+2	+1	+2	+2	-1	-2	-1	+1	+4	+4	0	0	-1	+4	-2	0	
190	4.86315789473684	\/		13	12	13	13	10	9	10	12	15	15	11	11	10	15	10	11	
					11	+2	+1	+2	+2	-1	-2	-1	+1	+4	+4	0	0	-1	+4	-1	0	
191	5.43979057591623	v		13	12	13	13	10	9	10	12	15	16	11	11	10	15	10	11	
					11	+2	+1	+2	+2	-1	-2	-1	+1	+4	+5	0	0	-1	+4	-1	0	
192	5.16666666666667	^		13	12	13	13	10	9	11	12	15	16	11	11	10	15	10	11	
					12	+1	0	+1	+1	-2	-3	-1	0	+3	+4	-1	-1	-2	+3	-2	-1	
193	5.05181347150259			13	12	13	13	10	9	11	12	15	16	11	12	10	15	10	11	
					12	+1	0	+1	+1	-2	-3	-1	0	+3	+4	-1	0	-2	+3	-2	-1	
194	4.92783505154639			13	12	13	13	10	9	11	12	15	16	12	12	10	15	10	11	
					12	+1	0	+1	+1	-2	-3	-1	0	+3	+4	0	0	-2	+3	-2	-1	
195	4.95897435897436	v		13	12	13	13	10	9	11	13	15	16	12	12	10	15	10	11	
					12	+1	0	+1	+1	-2	-3	-1	+1	+3	+4	0	0	-2	+3	-2	-1	
196	4.65306122448980	\/^		13	12	13	13	10	9	11	13	15	16	12	12	11	15	10	11	
					12	+1	0	+1	+1	-2	-3	-1	+1	+3	+4	0	0	-1	+3	-2	-1	
197	5.31472081218274	v		13	12	13	13	10	9	11	13	15	17	12	12	11	15	10	11	
					12	+1	0	+1	+1	-2	-3	-1	+1	+3	+5	0	0	-1	+3	-2	-1	
198	5.47474747474747			14	12	13	13	10	9	11	13	15	17	12	12	11	15	10	11	
					12	+2	0	+1	+1	-2	-3	-1	+1	+3	+5	0	0	-1	+3	-2	-1	
199	5.14070351758794	^		14	12	13	13	11	9	11	13	15	17	12	12	11	15	10	11	
					12	+2	0	+1	+1	-1	-3	-1	+1	+3	+5	0	0	-1	+3	-2	-1	
200	4.64000000000000	\/		14	12	13	13	11	10	11	13	15	17	12	12	11	15	10	11	
					12	+2	0	+1	+1	-1	-2	-1	+1	+3	+5	0	0	-1	+3	-2	-1	
201	4.45273631840796	\/		14	12	13	13	11	10	11	13	15	17	12	12	11	15	10	12	
					12	+2	0	+1	+1	-1	-2	-1	+1	+3	+5	0	0	-1	+3	-2	0	
202	4.41584158415842	\/		14	13	13	13	11	10	11	13	15	17	12	12	11	15	10	12	
					12	+2	+1	+1	+1	-1	-2	-1	+1	+3	+5	0	0	-1	+3	-2	0	
203	4.52709359605911	v		14	13	14	13	11	10	11	13	15	17	12	12	11	15	10	12	
					12	+2	+1	+2	+1	-1	-2	-1	+1	+3	+5	0	0	-1	+3	-2	0	
204	4.31372549019608	\/^		14	13	14	13	11	10	11	13	15	17	12	12	12	15	10	12	
					12	+2	+1	+2	+1	-1	-2	-1	+1	+3	+5	0	0	0	+3	-2	0	
205	4.40487804878049	v		14	13	14	13	11	10	11	14	15	17	12	12	12	15	10	12	
					12	+2	+1	+2	+1	-1	-2	-1	+2	+3	+5	0	0	0	+3	-2	0	
206	4.33009708737864	^		14	13	14	13	11	10	11	14	15	17	12	12	12	15	10	13	
					12	+2	+1	+2	+1	-1	-2	-1	+2	+3	+5	0	0	0	+3	-2	+1	
207	5.01932367149758	v		14	13	14	13	11	10	11	14	15	18	12	12	12	15	10	13	
					12	+2	+1	+2	+1	-1	-2	-1	+2	+3	+6	0	0	0	+3	-2	+1	
208	5.84615384615384			14	13	14	13	11	10	11	14	15	19	12	12	12	15	10	13	
					13	+1	0	+1	0	-2	-3	-2	+1	+2	+6	-1	-1	-1	+2	-3	0	
209	6.04306220095694			14	13	15	13	11	10	11	14	15	19	12	12	12	15	10	13	
					13	+1	0	+2	0	-2	-3	-2	+1	+2	+6	-1	-1	-1	+2	-3	0	
210	5.77142857142857	^		14	13	15	13	12	10	11	14	15	19	12	12	12	15	10	13	
					13	+1	0	+2	0	-1	-3	-2	+1	+2	+6	-1	-1	-1	+2	-3	0	
211	5.64454976303318			14	13	15	13	12	10	11	14	15	19	13	12	12	15	10	13	
					13	+1	0	+2	0	-1	-3	-2	+1	+2	+6	0	-1	-1	+2	-3	0	
212	5.66037735849057	v		14	14	15	13	12	10	11	14	15	19	13	12	12	15	10	13	
					13	+1	+1	+2	0	-1	-3	-2	+1	+2	+6	0	-1	-1	+2	-3	0	
213	6.56807511737089			14	14	15	13	12	10	11	14	15	20	13	12	12	15	10	13	
					13	+1	+1	+2	0	-1	-3	-2	+1	+2	+7	0	-1	-1	+2	-3	0	
214	7.60747663551402			14	14	15	13	12	10	11	14	15	21	13	12	12	15	10	13	
					13	+1	+1	+2	0	-1	-3	-2	+1	+2	+8	0	-1	-1	+2	-3	0	
215	7.43720930232558	^		14	14	15	13	13	10	11	14	15	21	13	12	12	15	10	13	
					13	+1	+1	+2	0	0	-3	-2	+1	+2	+8	0	-1	-1	+2	-3	0	
216	7.55555555555556	v		14	14	15	13	13	10	11	15	15	21	13	12	12	15	10	13	
					13	+1	+1	+2	0	0	-3	-2	+2	+2	+8	0	-1	-1	+2	-3	0	
217	7.36866359447005	^		14	14	15	13	13	10	11	15	15	21	13	13	12	15	10	13	
					13	+1	+1	+2	0	0	-3	-2	+2	+2	+8	0	0	-1	+2	-3	0	
218	7.32110091743119			14	14	15	14	13	10	11	15	15	21	13	13	12	15	10	13	
					13	+1	+1	+2	+1	0	-3	-2	+2	+2	+8	0	0	-1	+2	-3	0	
219	8.43378995433790	v		14	14	15	14	13	10	11	15	15	22	13	13	12	15	10	13	
					13	+1	+1	+2	+1	0	-3	-2	+2	+2	+9	0	0	-1	+2	-3	0	
220	8.50909090909091			14	15	15	14	13	10	11	15	15	22	13	13	12	15	10	13	
					13	+1	+2	+2	+1	0	-3	-2	+2	+2	+9	0	0	-1	+2	-3	0	
221	8.14027149321267	^		14	15	15	14	13	10	12	15	15	22	13	13	12	15	10	13	
					13	+1	+2	+2	+1	0	-3	-1	+2	+2	+9	0	0	-1	+2	-3	0	
222	7.90990990990991			14	15	15	14	13	10	12	15	15	22	13	13	13	15	10	13	
					13	+1	+2	+2	+1	0	-3	-1	+2	+2	+9	0	0	0	+2	-3	0	
223	7.81614349775785			14	15	15	14	13	10	12	15	15	22	13	13	13	15	10	14	
					13	+1	+2	+2	+1	0	-3	-1	+2	+2	+9	0	0	0	+2	-3	+1	
224	8.00000000000000	v		14	15	15	14	13	10	12	16	15	22	13	13	13	15	10	14	
					14	0	+1	+1	0	-1	-4	-2	+2	+1	+8	-1	-1	-1	+1	-4	0	
225	8.03111111111111			15	15	15	14	13	10	12	16	15	22	13	13	13	15	10	14	
					14	+1	+1	+1	0	-1	-4	-2	+2	+1	+8	-1	-1	-1	+1	-4	0	
226	8.19469026548673			15	15	15	14	13	10	12	16	16	22	13	13	13	15	10	14	
					14	+1	+1	+1	0	-1	-4	-2	+2	+2	+8	-1	-1	-1	+1	-4	0	
227	8.34801762114538			16	15	15	14	13	10	12	16	16	22	13	13	13	15	10	14	
					14	+2	+1	+1	0	-1	-4	-2	+2	+2	+8	-1	-1	-1	+1	-4	0	
228	8.49122807017544			16	16	15	14	13	10	12	16	16	22	13	13	13	15	10	14	
					14	+2	+2	+1	0	-1	-4	-2	+2	+2	+8	-1	-1	-1	+1	-4	0	
229	8.48471615720524	^		16	16	15	14	13	10	12	16	16	22	13	13	13	15	10	15	
					14	+2	+2	+1	0	-1	-4	-2	+2	+2	+8	-1	-1	-1	+1	-4	+1	
230	8.60869565217391	v		16	16	16	14	13	10	12	16	16	22	13	13	13	15	10	15	
					14	+2	+2	+2	0	-1	-4	-2	+2	+2	+8	-1	-1	-1	+1	-4	+1	
231	8.03030303030303	^		16	16	16	14	13	10	12	16	16	22	13	13	13	15	11	15	
					14	+2	+2	+2	0	-1	-4	-2	+2	+2	+8	-1	-1	-1	+1	-3	+1	
232	8.27586206896552	v		16	16	17	14	13	10	12	16	16	22	13	13	13	15	11	15	
					14	+2	+2	+3	0	-1	-4	-2	+2	+2	+8	-1	-1	-1	+1	-3	+1	
233	8.51072961373390			16	16	17	14	13	10	12	16	17	22	13	13	13	15	11	15	
					14	+2	+2	+3	0	-1	-4	-2	+2	+3	+8	-1	-1	-1	+1	-3	+1	
234	7.91452991452991	^		16	16	17	14	13	11	12	16	17	22	13	13	13	15	11	15	
					14	+2	+2	+3	0	-1	-3	-2	+2	+3	+8	-1	-1	-1	+1	-3	+1	
235	8.26808510638298	v		16	16	17	14	13	11	12	16	18	22	13	13	13	15	11	15	
					14	+2	+2	+3	0	-1	-3	-2	+2	+4	+8	-1	-1	-1	+1	-3	+1	
236	7.79661016949153	^		16	16	17	14	13	11	12	16	18	22	13	13	13	15	12	15	
					14	+2	+2	+3	0	-1	-3	-2	+2	+4	+8	-1	-1	-1	+1	-2	+1	
237	7.86075949367089	v		16	16	17	14	13	11	12	16	18	22	13	13	13	15	12	16	
					14	+2	+2	+3	0	-1	-3	-2	+2	+4	+8	-1	-1	-1	+1	-2	+2	
238	7.64705882352941	^		16	16	17	14	13	11	12	16	18	22	13	13	14	15	12	16	
					14	+2	+2	+3	0	-1	-3	-2	+2	+4	+8	-1	-1	0	+1	-2	+2	
239	7.82845188284519	v		16	17	17	14	13	11	12	16	18	22	13	13	14	15	12	16	
					14	+2	+3	+3	0	-1	-3	-2	+2	+4	+8	-1	-1	0	+1	-2	+2	
240	7.46666666666667	^		16	17	17	14	13	11	13	16	18	22	13	13	14	15	12	16	
					15	+1	+2	+2	-1	-2	-4	-2	+1	+3	+7	-2	-2	-1	0	-3	+1	
241	7.23236514522822			16	17	17	14	13	11	14	16	18	22	13	13	14	15	12	16	
					15	+1	+2	+2	-1	-2	-4	-1	+1	+3	+7	-2	-2	-1	0	-3	+1	
242	7.12396694214876			16	17	17	15	13	11	14	16	18	22	13	13	14	15	12	16	
					15	+1	+2	+2	0	-2	-4	-1	+1	+3	+7	-2	-2	-1	0	-3	+1	
243	7.00823045267490			16	17	17	15	13	11	15	16	18	22	13	13	14	15	12	16	
					15	+1	+2	+2	0	-2	-4	0	+1	+3	+7	-2	-2	-1	0	-3	+1	
244	7.93442622950820	v		16	17	17	15	13	11	15	16	18	23	13	13	14	15	12	16	
					15	+1	+2	+2	0	-2	-4	0	+1	+3	+8	-2	-2	-1	0	-3	+1	
245	8.19183673469388			16	17	18	15	13	11	15	16	18	23	13	13	14	15	12	16	
					15	+1	+2	+3	0	-2	-4	0	+1	+3	+8	-2	-2	-1	0	-3	+1	
246	8.30894308943090			17	17	18	15	13	11	15	16	18	23	13	13	14	15	12	16	
					15	+2	+2	+3	0	-2	-4	0	+1	+3	+8	-2	-2	-1	0	-3	+1	
247	8.28744939271255	^		17	17	18	15	13	11	15	16	18	23	13	13	14	16	12	16	
					15	+2	+2	+3	0	-2	-4	0	+1	+3	+8	-2	-2	-1	+1	-3	+1	
248	8.64516129032258	v		17	17	18	15	13	11	15	16	19	23	13	13	14	16	12	16	
					15	+2	+2	+3	0	-2	-4	0	+1	+4	+8	-2	-2	-1	+1	-3	+1	
249	8.73493975903614			17	17	18	15	13	11	15	17	19	23	13	13	14	16	12	16	
					15	+2	+2	+3	0	-2	-4	0	+2	+4	+8	-2	-2	-1	+1	-3	+1	
250	8.94400000000000			17	18	18	15	13	11	15	17	19	23	13	13	14	16	12	16	
					15	+2	+3	+3	0	-2	-4	0	+2	+4	+8	-2	-2	-1	+1	-3	+1	


Final Results
Minimum Chi-Squared: 4.31372549019608	Position: 816	 New minimums: 30
Maximum Chi-Squared: 29.62745098039215	Position: 204	 New maximums: 12
Local Minimums: 65
Local Maximums: 65
X^2 == 0 times: 0


Final X^2 on 1000 digits with 1000 sequences is 8.94400000000000

