Initial Results Default Setup
Seqnc's	X^2			/\\/		0	1	2	3	4	5	6	7	8	9	10	11	12	13	14	15	
					E(X)+-	.	.	.	.	.	.	.	.	.	.	.	.	.	.	.	.	

10		15.6000000000	/\\/==		0	0	1	1	1	1	1	0	3	0	1	0	0	0	0	1	
					0	0	0	+1	+1	+1	+1	+1	0	+3	0	+1	0	0	0	0	+1	
20		18.4000000000	/\		1	2	1	4	1	1	1	0	4	1	2	0	0	1	0	1	
					1	0	+1	0	+3	0	0	0	-1	+3	0	+1	-1	-1	0	-1	0	
30		22.2666666667	/\		3	2	2	6	1	1	1	2	5	1	3	0	0	1	1	1	
					1	+2	+1	+1	+5	0	0	0	+1	+4	0	+2	-1	-1	0	0	0	
40		26.4000000000	/\		4	2	4	7	4	1	1	2	6	2	4	0	0	1	1	1	
					2	+2	0	+2	+5	+2	-1	-1	0	+4	0	+2	-2	-2	-1	-1	-1	
50		28.7200000000	/\		6	3	5	8	4	1	1	2	7	4	4	0	0	2	1	2	
					3	+3	0	+2	+5	+1	-2	-2	-1	+4	+1	+1	-3	-3	-1	-2	-1	
60		25.3333333333	^		6	3	6	8	5	1	1	2	8	5	5	0	1	2	4	3	
					3	+3	0	+3	+5	+2	-2	-2	-1	+5	+2	+2	-3	-2	-1	+1	0	
70		26.4571428571	v		6	4	8	8	6	2	2	2	10	6	5	0	2	2	4	3	
					4	+2	0	+4	+4	+2	-2	-2	-2	+6	+2	+1	-4	-2	-2	0	-1	
80		26.4000000000	^		7	5	8	10	6	2	3	4	11	6	5	0	2	3	5	3	
					5	+2	0	+3	+5	+1	-3	-2	-1	+6	+1	0	-5	-3	-2	0	-2	
90		21.2888888889			7	5	8	11	8	3	5	4	11	6	5	1	3	3	6	4	
					5	+2	0	+3	+6	+3	-2	0	-1	+6	+1	0	-4	-2	-2	+1	-1	
100		19.3600000000			9	5	8	11	8	3	6	4	11	7	6	1	7	3	7	4	
					6	+3	-1	+2	+5	+2	-3	0	-2	+5	+1	0	-5	+1	-3	+1	-2	
110		17.4181818182			10	5	9	11	8	4	6	6	11	9	6	2	9	3	7	4	
					6	+4	-1	+3	+5	+2	-2	0	0	+5	+3	0	-4	+3	-3	+1	-2	
120		13.3333333333	\/		10	5	9	12	9	6	6	6	12	9	6	3	9	6	7	5	
					7	+3	-2	+2	+5	+2	-1	-1	-1	+5	+2	-1	-4	+2	-1	0	-2	
130		12.5230769231	\/		11	6	10	12	10	7	6	8	12	11	6	4	9	6	7	5	
					8	+3	-2	+2	+4	+2	-1	-2	0	+4	+3	-2	-4	+1	-2	-1	-3	
140		13.6000000000	v		11	7	10	12	10	8	7	9	13	14	6	4	9	8	7	5	
					8	+3	-1	+2	+4	+2	0	-1	+1	+5	+6	-2	-4	+1	0	-1	-3	
150		10.4266666667	\/^		12	10	10	13	10	8	7	9	13	14	6	7	9	9	7	6	
					9	+3	+1	+1	+4	+1	-1	-2	0	+4	+5	-3	-2	0	0	-2	-3	
160		8.6000000000	\/		12	10	10	13	10	9	8	9	14	15	8	8	10	10	7	7	
					10	+2	0	0	+3	0	-1	-2	-1	+4	+5	-2	-2	0	0	-3	-3	
170		8.0705882353	\/		13	10	12	13	10	9	8	10	14	15	8	9	10	13	7	9	
					10	+3	0	+2	+3	0	-1	-2	0	+4	+5	-2	-1	0	+3	-3	-1	
180		7.0222222222	\/		13	12	12	13	10	9	8	11	15	15	9	11	10	14	8	10	
					11	+2	+1	+1	+2	-1	-2	-3	0	+4	+4	-2	0	-1	+3	-3	-1	
190		4.8631578947	\/		13	12	13	13	10	9	10	12	15	15	11	11	10	15	10	11	
					11	+2	+1	+2	+2	-1	-2	-1	+1	+4	+4	0	0	-1	+4	-1	0	
200		4.6400000000	\/		14	12	13	13	11	10	11	13	15	17	12	12	11	15	10	11	
					12	+2	0	+1	+1	-1	-2	-1	+1	+3	+5	0	0	-1	+3	-2	-1	
210		5.7714285714	v		14	13	15	13	12	10	11	14	15	19	12	12	12	15	10	13	
					13	+1	0	+2	0	-1	-3	-2	+1	+2	+6	-1	-1	-1	+2	-3	0	
220		8.5090909091			14	15	15	14	13	10	11	15	15	22	13	13	12	15	10	13	
					13	+1	+2	+2	+1	0	-3	-2	+2	+2	+9	0	0	-1	+2	-3	0	
230		8.6086956522			16	16	16	14	13	10	12	16	16	22	13	13	13	15	10	15	
					14	+2	+2	+2	0	-1	-4	-2	+2	+2	+8	-1	-1	-1	+1	-4	+1	
240		7.4666666667	^		16	17	17	14	13	11	13	16	18	22	13	13	14	15	12	16	
					15	+1	+2	+2	-1	-2	-4	-2	+1	+3	+7	-2	-2	-1	0	-3	+1	
250		8.9440000000	v		17	18	18	15	13	11	15	17	19	23	13	13	14	16	12	16	
					15	+2	+3	+3	0	-2	-4	0	+2	+4	+8	-2	-2	-1	+1	-3	+1	
260		7.9384615385	^		17	18	18	15	15	13	16	18	20	24	14	13	14	16	13	16	
					16	+1	+2	+2	-1	-1	-3	0	+2	+4	+8	-2	-3	-2	0	-3	0	
270		7.9259259259			17	18	18	18	16	13	16	18	20	25	15	13	14	17	14	18	
					16	+1	+2	+2	+2	0	-3	0	+2	+4	+9	-1	-3	-2	+1	-2	+2	
280		8.8000000000	v		18	18	18	18	17	14	16	20	21	26	15	13	14	18	15	19	
					17	+1	+1	+1	+1	0	-3	-1	+3	+4	+9	-2	-4	-3	+1	-2	+2	
290		9.0344827586			18	19	19	18	17	15	17	22	23	26	15	14	14	18	16	19	
					18	0	+1	+1	0	-1	-3	-1	+4	+5	+8	-3	-4	-4	0	-2	+1	
300		9.5466666667			18	20	20	18	17	17	17	22	26	26	15	15	15	19	16	19	
					18	0	+2	+2	0	-1	-1	-1	+4	+8	+8	-3	-3	-3	+1	-2	+1	
310		7.8322580645	^		18	20	20	18	20	18	17	23	26	26	17	16	15	19	18	19	
					19	-1	+1	+1	-1	+1	-1	-2	+4	+7	+7	-2	-3	-4	0	-1	0	
320		7.4000000000			18	21	21	18	20	21	17	23	26	27	18	17	16	20	18	19	
					20	-2	+1	+1	-2	0	+1	-3	+3	+6	+7	-2	-3	-4	0	-2	-1	
330		7.9393939394	v		19	21	22	20	20	22	17	23	26	29	19	17	17	21	18	19	
					20	-1	+1	+2	0	0	+2	-3	+3	+6	+9	-1	-3	-3	+1	-2	-1	
340		7.2941176471	^		20	23	23	21	20	23	18	23	26	29	19	17	18	22	18	20	
					21	-1	+2	+2	0	-1	+2	-3	+2	+5	+8	-2	-4	-3	+1	-3	-1	
350		7.9428571429	v		22	23	25	22	20	24	19	23	28	29	19	18	18	22	18	20	
					21	+1	+2	+4	+1	-1	+3	-2	+2	+7	+8	-2	-3	-3	+1	-3	-1	
360		8.5333333333			23	25	25	22	21	24	19	24	29	30	20	18	19	22	18	21	
					22	+1	+3	+3	0	-1	+2	-3	+2	+7	+8	-2	-4	-3	0	-4	-1	
370		8.8108108108			23	25	25	23	21	24	19	24	32	30	20	20	19	23	20	22	
					23	0	+2	+2	0	-2	+1	-4	+1	+9	+7	-3	-3	-4	0	-3	-1	
380		8.2105263158	^		25	25	25	24	21	24	20	25	32	31	21	21	20	24	20	22	
					23	+2	+2	+2	+1	-2	+1	-3	+2	+9	+8	-2	-2	-3	+1	-3	-1	
390		8.5230769231	v		27	26	25	24	21	24	21	25	33	32	21	21	21	24	23	22	
					24	+3	+2	+1	0	-3	0	-3	+1	+9	+8	-3	-3	-3	0	-1	-2	
400		9.3600000000			28	27	25	25	21	24	21	25	35	32	22	23	21	24	25	22	
					25	+3	+2	0	0	-4	-1	-4	0	+10	+7	-3	-2	-4	-1	0	-3	
410		9.2780487805	^		28	29	25	25	21	25	21	28	35	32	22	24	22	26	25	22	
					25	+3	+4	0	0	-4	0	-4	+3	+10	+7	-3	-1	-3	+1	0	-3	
420		9.4857142857	v		28	30	26	26	22	25	21	30	36	32	23	25	22	26	25	23	
					26	+2	+4	0	0	-4	-1	-5	+4	+10	+6	-3	-1	-4	0	-1	-3	
430		8.2511627907	^		29	30	27	26	22	28	22	30	36	32	24	25	23	27	25	24	
					26	+3	+4	+1	0	-4	+2	-4	+4	+10	+6	-2	-1	-3	+1	-1	-2	
440		7.7818181818			30	30	28	27	22	31	24	30	36	32	24	25	23	27	26	25	
					27	+3	+3	+1	0	-5	+4	-3	+3	+9	+5	-3	-2	-4	0	-1	-2	
450		8.0977777778	v		30	30	28	27	23	34	24	31	36	33	27	26	23	27	26	25	
					28	+2	+2	0	-1	-5	+6	-4	+3	+8	+5	-1	-2	-5	-1	-2	-3	
460		9.1478260870			30	30	29	28	24	34	26	31	39	34	27	26	23	27	27	25	
					28	+2	+2	+1	0	-4	+6	-2	+3	+11	+6	-1	-2	-5	-1	-1	-3	
470		9.2510638298			31	31	29	29	26	36	26	31	39	35	28	26	24	27	27	25	
					29	+2	+2	0	0	-3	+7	-3	+2	+10	+6	-1	-3	-5	-2	-2	-4	
480		8.5333333333	^		32	32	30	29	26	36	28	31	39	35	31	28	24	27	27	25	
					30	+2	+2	0	-1	-4	+6	-2	+1	+9	+5	+1	-2	-6	-3	-3	-5	
490		7.5673469388			32	34	30	30	28	37	28	31	39	35	31	29	27	27	27	25	
					30	+2	+4	0	0	-2	+7	-2	+1	+9	+5	+1	-1	-3	-3	-3	-5	
500		8.0960000000	v		32	36	30	30	30	38	28	31	40	35	32	29	28	27	29	25	
					31	+1	+5	-1	-1	-1	+7	-3	0	+9	+4	+1	-2	-3	-4	-2	-6	
510		7.8980392157	^		32	36	31	30	30	38	29	33	41	36	33	29	29	27	30	26	
					31	+1	+5	0	-1	-1	+7	-2	+2	+10	+5	+2	-2	-2	-4	-1	-5	
520		8.4307692308	v		32	39	31	32	31	38	29	33	41	37	33	30	29	27	32	26	
					32	0	+7	-1	0	-1	+6	-3	+1	+9	+5	+1	-2	-3	-5	0	-6	
530		7.0566037736	^		32	39	33	33	31	38	31	33	41	37	34	32	30	27	32	27	
					33	-1	+6	0	0	-2	+5	-2	0	+8	+4	+1	-1	-3	-6	-1	-6	
540		8.0888888889	v		32	40	33	33	32	40	31	34	42	38	35	32	31	28	32	27	
					33	-1	+7	0	0	-1	+7	-2	+1	+9	+5	+2	-1	-2	-5	-1	-6	
550		7.7890909091	^		32	41	33	35	32	41	32	34	42	38	35	32	33	28	34	28	
					34	-2	+7	-1	+1	-2	+7	-2	0	+8	+4	+1	-2	-1	-6	0	-6	
560		9.2000000000	v		32	43	33	36	32	41	33	35	43	40	35	33	33	28	35	28	
					35	-3	+8	-2	+1	-3	+6	-2	0	+8	+5	0	-2	-2	-7	0	-7	
570		8.1894736842	^		32	43	33	38	32	41	35	35	43	40	37	34	34	29	35	29	
					35	-3	+8	-2	+3	-3	+6	0	0	+8	+5	+2	-1	-1	-6	0	-6	
580		7.6965517241			32	43	35	39	33	42	35	36	43	40	38	34	36	29	35	30	
					36	-4	+7	-1	+3	-3	+6	-1	0	+7	+4	+2	-2	0	-7	-1	-6	
590		10.1898305085	v		32	44	36	40	33	44	36	36	46	41	38	34	36	29	35	30	
					36	-4	+8	0	+4	-3	+8	0	0	+10	+5	+2	-2	0	-7	-1	-6	
600		11.3600000000			32	44	36	41	34	44	36	38	49	42	38	35	36	29	35	31	
					37	-5	+7	-1	+4	-3	+7	-1	+1	+12	+5	+1	-2	-1	-8	-2	-6	
610		10.4852459016	^		32	44	36	41	36	44	37	38	49	43	39	38	37	29	35	32	
					38	-6	+6	-2	+3	-2	+6	-1	0	+11	+5	+1	0	-1	-9	-3	-6	
620		11.2774193548	v		32	45	37	41	36	44	39	38	51	43	39	40	37	29	36	33	
					38	-6	+7	-1	+3	-2	+6	+1	0	+13	+5	+1	+2	-1	-9	-2	-5	
630		12.1841269841			33	47	38	42	36	44	40	38	52	45	39	40	37	30	36	33	
					39	-6	+8	-1	+3	-3	+5	+1	-1	+13	+6	0	+1	-2	-9	-3	-6	
640		12.9500000000			33	49	39	42	36	44	40	38	52	47	40	41	39	30	36	34	
					40	-7	+9	-1	+2	-4	+4	0	-2	+12	+7	0	+1	-1	-10	-4	-6	
650		12.4492307692	^		34	49	39	42	37	45	41	39	53	47	41	41	41	31	36	34	
					40	-6	+9	-1	+2	-3	+5	+1	-1	+13	+7	+1	+1	+1	-9	-4	-6	
660		12.3878787879			35	49	40	43	38	45	41	39	55	47	41	41	42	31	38	35	
					41	-6	+8	-1	+2	-3	+4	0	-2	+14	+6	0	0	+1	-10	-3	-6	
670		13.0328358209	v		35	49	40	43	38	49	41	40	56	48	41	41	42	33	39	35	
					41	-6	+8	-1	+2	-3	+8	0	-1	+15	+7	0	0	+1	-8	-2	-6	
680		12.3764705882	^		36	50	43	44	38	49	42	40	56	48	41	42	43	34	39	35	
					42	-6	+8	+1	+2	-4	+7	0	-2	+14	+6	-1	0	+1	-8	-3	-7	
690		14.1391304348	v		36	51	44	45	38	50	43	40	58	48	41	44	43	34	40	35	
					43	-7	+8	+1	+2	-5	+7	0	-3	+15	+5	-2	+1	0	-9	-3	-8	
700		15.9314285714			36	52	44	47	38	50	44	40	60	50	41	44	43	35	41	35	
					43	-7	+9	+1	+4	-5	+7	+1	-3	+17	+7	-2	+1	0	-8	-2	-8	
710		14.5070422535	^		37	52	44	47	38	51	46	40	60	50	42	44	45	36	41	37	
					44	-7	+8	0	+3	-6	+7	+2	-4	+16	+6	-2	0	+1	-8	-3	-7	
720		14.6666666667	v		37	52	45	50	40	51	46	40	61	51	42	44	45	36	41	39	
					45	-8	+7	0	+5	-5	+6	+1	-5	+16	+6	-3	-1	0	-9	-4	-6	
730		14.0657534247	^		38	52	47	50	43	51	46	40	62	51	43	45	45	36	42	39	
					45	-7	+7	+2	+5	-2	+6	+1	-5	+17	+6	-2	0	0	-9	-3	-6	
740		14.8972972973	v		40	52	48	50	45	51	47	40	64	52	43	45	46	36	42	39	
					46	-6	+6	+2	+4	-1	+5	+1	-6	+18	+6	-3	-1	0	-10	-4	-7	
750		14.2880000000	^		41	53	48	50	46	51	47	40	64	54	44	46	46	36	43	41	
					46	-5	+7	+2	+4	0	+5	+1	-6	+18	+8	-2	0	0	-10	-3	-5	
760		15.2842105263	v		41	54	50	50	47	52	49	40	65	54	44	46	47	36	44	41	
					47	-6	+7	+3	+3	0	+5	+2	-7	+18	+7	-3	-1	0	-11	-3	-6	
770		15.1636363636	^		41	54	50	50	47	52	52	41	65	56	45	46	48	36	45	42	
					48	-7	+6	+2	+2	-1	+4	+4	-7	+17	+8	-3	-2	0	-12	-3	-6	
780		14.8717948718			42	55	50	51	47	52	53	41	65	57	46	47	50	37	45	42	
					48	-6	+7	+2	+3	-1	+4	+5	-7	+17	+9	-2	-1	+2	-11	-3	-6	
790		15.7113924051	v		44	56	50	51	47	53	54	41	67	57	48	47	50	37	45	43	
					49	-5	+7	+1	+2	-2	+4	+5	-8	+18	+8	-1	-2	+1	-12	-4	-6	
800		16.1600000000			44	56	52	51	48	54	55	41	69	57	48	47	50	39	45	44	
					50	-6	+6	+2	+1	-2	+4	+5	-9	+19	+7	-2	-3	0	-11	-5	-6	
************************************
**        Default Summarry        **
************************************
Final Results
Minimum Chi-Squared: 4.6400	Position: 800	 New minimums: 9
Maximum Chi-Squared: 28.7200	Position: 200	 New maximums: 5
Local Minimums: 22
Local Maximums: 22
X^2 == 0 times: 0


Final X^2 on 3200 digits with 3200 sequences is 16.1600

************************************
**     End Default Summarry       **
************************************


************************************
**          Full Summarry         **
************************************
Testing Stats: 
====================
Digits Tested: 3200
Sequences Tested: 800

Digit Counts: 
000: 044	001: 056	002: 052	003: 051	004: 048	005: 054	006: 055	007: 041	
008: 069	009: 057	010: 048	011: 047	012: 050	013: 039	014: 045	015: 044	


Digit Differentials: 
Expected: 50
000: +6		001: -6		002: -2		003: -1		004: +2		005: -4		006: -5		007: +9		
008: -19	009: -7		010: +2		011: +3		012: 0		013: +11	014: +5		015: +6		


Distribution Stats: 
====================
Minimum count: 39
Maximum count: 69
Mean count: 50.0000
Range count: 30
MidRange count: 54.0000
Variance count: 53.8667
Standard Deviation count: 7.3394
Sum count: 800

X^2 result: 16.1600


************************************
**       End Full Summarry        **
************************************
